colorOrder = [colororder;    
    1.0000         0         0
    1.0000    0.5333         0
    1.0000    1.0000         0
         0    0.7333         0
         0         0    1.0000
    0.3333         0    1.0000
    0.6667         0    1.0000];